,scores,cavity
1467,12.130999565124512,1
1468,12.574000358581543,1
1469,12.574000358581543,1
1470,12.574000358581543,1
1496,12.545999526977539,1
1497,13.175000190734863,1
1498,13.175000190734863,1
1499,13.175000190734863,1
1525,12.545999526977539,1
1526,13.175000190734863,1
1527,13.175000190734863,1
1528,13.175000190734863,1
1554,12.545999526977539,1
1555,13.175000190734863,1
1556,13.175000190734863,1
1557,13.175000190734863,1
1583,11.36400032043457,1
2105,13.036999702453613,1
2106,13.036999702453613,1
2107,13.036999702453613,1
2133,11.539999961853027,1
2134,13.562000274658203,1
2135,15.154999732971191,1
2136,15.154999732971191,1
2137,15.154999732971191,1
2162,15.321000099182129,1
2163,18.655000686645508,1
2164,18.655000686645508,1
2165,18.655000686645508,1
2166,15.154999732971191,1
2191,15.321000099182129,1
2192,18.655000686645508,1
2193,18.655000686645508,1
2194,18.655000686645508,1
2195,15.154999732971191,1
2220,15.321000099182129,1
2221,18.655000686645508,1
2222,18.655000686645508,1
2223,18.655000686645508,1
2250,13.513999938964844,1
2772,15.97599983215332,1
2773,15.97599983215332,1
2774,15.97599983215332,1
2800,11.539999961853027,1
2801,18.320999145507812,1
2802,18.320999145507812,1
2803,18.320999145507812,1
2804,15.154999732971191,1
2829,15.321000099182129,1
2830,18.655000686645508,1
2831,18.655000686645508,1
2832,18.655000686645508,1
2858,15.321000099182129,1
2859,18.655000686645508,1
2860,18.655000686645508,1
2861,18.655000686645508,1
2887,15.321000099182129,1
2888,18.655000686645508,1
2889,18.655000686645508,1
2890,18.655000686645508,1
2917,13.513999938964844,1
3439,15.97599983215332,1
3440,15.97599983215332,1
3441,15.97599983215332,1
3467,11.539999961853027,1
3468,18.320999145507812,1
3469,18.320999145507812,1
3470,18.320999145507812,1
3471,15.154999732971191,1
3496,15.321000099182129,1
3497,18.655000686645508,1
3498,18.655000686645508,1
3499,18.655000686645508,1
3525,15.321000099182129,1
3526,18.655000686645508,1
3527,18.655000686645508,1
3528,18.655000686645508,1
3554,15.321000099182129,1
3555,18.655000686645508,1
3556,18.655000686645508,1
3557,18.655000686645508,1
3584,13.513999938964844,1
4106,15.97599983215332,1
4107,15.97599983215332,1
4108,15.97599983215332,1
4135,18.320999145507812,1
4136,18.320999145507812,1
4137,18.320999145507812,1
4164,18.320999145507812,1
4165,18.320999145507812,1
4166,18.320999145507812,1
4193,18.320999145507812,1
4194,18.320999145507812,1
4195,18.320999145507812,1
4222,17.13599967956543,1
5412,17.16699981689453,1
5413,18.11400032043457,1
5414,18.11400032043457,1
5415,18.11400032043457,1
5416,17.363000869750977,1
5417,17.363000869750977,1
5444,18.11400032043457,1
5445,17.363000869750977,1
5446,17.363000869750977,1
5473,18.11400032043457,1
5766,16.378999710083008,1
5795,16.378999710083008,1
5823,16.197999954223633,1
5824,16.118000030517578,1
5850,15.866000175476074,1
5851,15.866000175476074,1
5852,15.866000175476074,1
5878,15.269000053405762,1
5879,15.269000053405762,1
5880,15.269000053405762,1
5907,15.269000053405762,1
5908,15.269000053405762,1
5909,15.269000053405762,1
5936,15.269000053405762,1
5937,15.269000053405762,1
5938,15.269000053405762,1
6079,19.148000717163086,1
6080,19.148000717163086,1
6081,19.802000045776367,1
6082,19.802000045776367,1
6083,19.802000045776367,1
6084,17.363000869750977,1
6108,19.148000717163086,1
6109,19.148000717163086,1
6110,19.802000045776367,1
6111,19.802000045776367,1
6112,19.802000045776367,1
6113,17.363000869750977,1
6137,19.148000717163086,1
6138,19.148000717163086,1
6139,19.802000045776367,1
6140,19.802000045776367,1
6141,19.802000045776367,1
6376,18.20800018310547,1
6402,19.250999450683594,1
6403,19.250999450683594,1
6404,19.250999450683594,1
6405,18.886999130249023,1
6431,20.445999145507812,1
6432,20.445999145507812,1
6433,20.445999145507812,1
6434,18.886999130249023,1
6460,20.445999145507812,1
6461,20.445999145507812,1
6462,20.445999145507812,1
6463,18.886999130249023,1
6489,20.445999145507812,1
6490,20.445999145507812,1
6491,20.445999145507812,1
6492,18.493000030517578,1
6517,17.899999618530273,1
6518,19.066999435424805,1
6519,19.066999435424805,1
6520,19.066999435424805,1
6546,17.493999481201172,1
6547,17.493999481201172,1
6548,17.493999481201172,1
6574,15.269000053405762,1
6575,17.493999481201172,1
6576,17.493999481201172,1
6577,17.493999481201172,1
6603,15.269000053405762,1
6604,17.493999481201172,1
6605,17.493999481201172,1
6606,17.493999481201172,1
6746,19.148000717163086,1
6747,19.148000717163086,1
6748,19.802000045776367,1
6749,19.802000045776367,1
6750,19.802000045776367,1
6751,17.363000869750977,1
6774,18.395999908447266,1
6775,19.148000717163086,1
6776,19.148000717163086,1
6777,19.802000045776367,1
6778,19.802000045776367,1
6779,19.802000045776367,1
6780,17.363000869750977,1
6803,18.395999908447266,1
6804,19.148000717163086,1
6805,19.148000717163086,1
6806,19.802000045776367,1
6807,19.802000045776367,1
6808,19.802000045776367,1
6832,18.395999908447266,1
6833,18.85099983215332,1
6834,18.85099983215332,1
6835,18.85099983215332,1
7041,18.797000885009766,1
7042,18.797000885009766,1
7043,18.797000885009766,1
7069,19.98900032043457,1
7070,20.36199951171875,1
7071,20.36199951171875,1
7072,20.36199951171875,1
7073,16.989999771118164,1
7097,18.399999618530273,1
7098,21.57900047302246,1
7099,21.665000915527344,1
7100,21.665000915527344,1
7101,21.665000915527344,1
7102,16.989999771118164,1
7126,18.399999618530273,1
7127,21.57900047302246,1
7128,21.665000915527344,1
7129,21.665000915527344,1
7130,21.665000915527344,1
7131,16.989999771118164,1
7155,18.399999618530273,1
7156,21.57900047302246,1
7157,21.665000915527344,1
7158,21.665000915527344,1
7159,21.665000915527344,1
7160,16.117000579833984,1
7184,17.899999618530273,1
7185,19.832000732421875,1
7186,19.832000732421875,1
7187,19.832000732421875,1
7188,19.32699966430664,1
7213,18.93199920654297,1
7214,18.93199920654297,1
7215,18.93199920654297,1
7216,18.15399932861328,1
7217,15.532999992370605,1
7241,15.269000053405762,1
7242,18.93199920654297,1
7243,18.93199920654297,1
7244,18.93199920654297,1
7245,18.15399932861328,1
7246,15.532999992370605,1
7270,15.269000053405762,1
7271,18.93199920654297,1
7272,18.93199920654297,1
7273,18.93199920654297,1
7413,19.148000717163086,1
7414,19.148000717163086,1
7415,19.802000045776367,1
7416,19.802000045776367,1
7417,19.802000045776367,1
7441,18.395999908447266,1
7442,19.148000717163086,1
7443,19.148000717163086,1
7444,19.802000045776367,1
7445,19.802000045776367,1
7446,19.802000045776367,1
7470,18.395999908447266,1
7471,19.148000717163086,1
7472,19.148000717163086,1
7473,19.802000045776367,1
7474,19.802000045776367,1
7475,19.802000045776367,1
7499,18.395999908447266,1
7500,18.85099983215332,1
7501,18.85099983215332,1
7502,18.85099983215332,1
7708,18.797000885009766,1
7709,18.797000885009766,1
7710,18.797000885009766,1
7736,19.98900032043457,1
7737,20.36199951171875,1
7738,20.36199951171875,1
7739,20.36199951171875,1
7740,16.989999771118164,1
7764,18.399999618530273,1
7765,21.57900047302246,1
7766,21.665000915527344,1
7767,21.665000915527344,1
7768,21.665000915527344,1
7769,16.989999771118164,1
7793,18.399999618530273,1
7794,21.57900047302246,1
7795,21.665000915527344,1
7796,21.665000915527344,1
7797,21.665000915527344,1
7798,16.989999771118164,1
7822,18.399999618530273,1
7823,21.57900047302246,1
7824,21.665000915527344,1
7825,21.665000915527344,1
7826,21.665000915527344,1
7827,16.69099998474121,1
7851,17.899999618530273,1
7852,19.832000732421875,1
7853,19.832000732421875,1
7854,19.832000732421875,1
7855,19.32699966430664,1
7856,14.79699993133545,1
7880,18.93199920654297,1
7881,18.93199920654297,1
7882,18.93199920654297,1
7883,18.15399932861328,1
7884,16.297000885009766,1
7909,18.93199920654297,1
7910,18.93199920654297,1
7911,18.93199920654297,1
7912,18.15399932861328,1
7913,15.532999992370605,1
7938,18.93199920654297,1
7939,18.93199920654297,1
7940,18.93199920654297,1
7941,17.947999954223633,1
8108,18.395999908447266,1
8109,18.85099983215332,1
8110,18.85099983215332,1
8111,18.85099983215332,1
8137,18.395999908447266,1
8138,18.85099983215332,1
8139,18.85099983215332,1
8140,18.85099983215332,1
8167,18.85099983215332,1
8168,18.85099983215332,1
8169,18.85099983215332,1
8375,18.797000885009766,1
8376,18.797000885009766,1
8377,18.797000885009766,1
8403,19.98900032043457,1
8404,20.36199951171875,1
8405,20.36199951171875,1
8406,20.36199951171875,1
8407,16.989999771118164,1
8432,21.57900047302246,1
8433,21.665000915527344,1
8434,21.665000915527344,1
8435,21.665000915527344,1
8436,16.989999771118164,1
8460,18.399999618530273,1
8461,21.57900047302246,1
8462,21.665000915527344,1
8463,21.665000915527344,1
8464,21.665000915527344,1
8465,16.989999771118164,1
8489,18.399999618530273,1
8490,21.57900047302246,1
8491,21.665000915527344,1
8492,21.665000915527344,1
8493,21.665000915527344,1
8494,16.69099998474121,1
8519,19.832000732421875,1
8520,19.832000732421875,1
8521,19.832000732421875,1
8522,19.32699966430664,1
8523,14.79699993133545,1
8547,18.93199920654297,1
8548,18.93199920654297,1
8549,18.93199920654297,1
8550,18.15399932861328,1
8551,16.297000885009766,1
8576,18.93199920654297,1
8577,18.93199920654297,1
8578,18.93199920654297,1
8579,18.15399932861328,1
8580,15.532999992370605,1
8605,18.93199920654297,1
8606,18.93199920654297,1
8607,18.93199920654297,1
8608,17.947999954223633,1
8775,17.766000747680664,1
8776,17.766000747680664,1
8777,17.766000747680664,1
8778,17.01300048828125,1
8860,19.500999450683594,1
8861,19.500999450683594,1
8862,19.500999450683594,1
8889,19.500999450683594,1
8890,19.500999450683594,1
8891,19.500999450683594,1
8918,19.500999450683594,1
8919,19.500999450683594,1
8920,19.500999450683594,1
9044,17.410999298095703,1
9070,18.986000061035156,1
9071,19.559999465942383,1
9072,19.559999465942383,1
9073,19.559999465942383,1
9099,19.94700050354004,1
9100,20.250999450683594,1
9101,20.250999450683594,1
9102,20.250999450683594,1
9103,16.69099998474121,1
9128,19.94700050354004,1
9129,20.250999450683594,1
9130,20.250999450683594,1
9131,20.250999450683594,1
9132,16.69099998474121,1
9157,19.94700050354004,1
9158,20.250999450683594,1
9159,20.250999450683594,1
9160,20.250999450683594,1
9161,16.69099998474121,1
9186,18.513999938964844,1
9187,18.513999938964844,1
9188,18.513999938964844,1
9189,18.364999771118164,1
9190,14.79699993133545,1
9215,17.947999954223633,1
9216,17.947999954223633,1
9217,17.947999954223633,1
9218,16.297000885009766,1
9243,17.59000015258789,1
9244,17.947999954223633,1
9245,17.947999954223633,1
9246,17.947999954223633,1
9272,17.59000015258789,1
9273,17.947999954223633,1
9274,17.947999954223633,1
9275,17.947999954223633,1
9442,17.766000747680664,1
9443,17.766000747680664,1
9444,17.766000747680664,1
9471,17.766000747680664,1
9472,17.766000747680664,1
9473,17.766000747680664,1
9527,19.500999450683594,1
9528,19.500999450683594,1
9529,19.500999450683594,1
9556,19.500999450683594,1
9557,19.500999450683594,1
9558,19.500999450683594,1
9585,19.500999450683594,1
9586,19.500999450683594,1
9587,19.500999450683594,1
9883,17.59000015258789,1
9910,17.59000015258789,1
9911,17.59000015258789,1
9912,17.59000015258789,1
9939,17.59000015258789,1
9940,17.59000015258789,1
9941,17.59000015258789,1
10194,19.500999450683594,1
10195,19.500999450683594,1
10196,19.500999450683594,1
10223,19.500999450683594,1
10224,19.500999450683594,1
10225,19.500999450683594,1
10252,19.500999450683594,1
10253,19.500999450683594,1
10254,19.500999450683594,1
10863,17.363000869750977,1
10864,17.363000869750977,1
10865,17.363000869750977,1
10892,17.363000869750977,1
10893,17.363000869750977,1
10894,17.363000869750977,1
10921,17.363000869750977,1
10922,17.363000869750977,1
10923,17.363000869750977,1
12414,12.019000053405762,1
12415,12.019000053405762,1
12416,12.019000053405762,1
12443,12.019000053405762,1
12444,12.019000053405762,1
12445,12.019000053405762,1
12472,12.019000053405762,1
12473,12.019000053405762,1
12474,12.019000053405762,1
13052,14.14799976348877,1
13053,14.14799976348877,1
13054,14.14799976348877,1
13081,19.67099952697754,1
13082,19.67099952697754,1
13083,19.67099952697754,1
13084,12.440999984741211,1
13110,19.67099952697754,1
13111,19.67099952697754,1
13112,19.67099952697754,1
13113,12.440999984741211,1
13139,19.67099952697754,1
13140,19.67099952697754,1
13141,19.67099952697754,1
13142,12.440999984741211,1
13719,14.14799976348877,1
13720,14.14799976348877,1
13721,14.14799976348877,1
13748,19.67099952697754,1
13749,19.67099952697754,1
13750,19.67099952697754,1
13751,12.440999984741211,1
13777,19.67099952697754,1
13778,19.67099952697754,1
13779,19.67099952697754,1
13780,12.440999984741211,1
13806,19.67099952697754,1
13807,19.67099952697754,1
13808,19.67099952697754,1
13809,12.440999984741211,1
13835,15.418000221252441,1
13836,15.418000221252441,1
13837,15.418000221252441,1
14386,14.14799976348877,1
14387,14.14799976348877,1
14388,14.14799976348877,1
14415,19.67099952697754,1
14416,19.67099952697754,1
14417,19.67099952697754,1
14418,12.440999984741211,1
14444,19.67099952697754,1
14445,19.67099952697754,1
14446,19.67099952697754,1
14447,12.440999984741211,1
14473,19.67099952697754,1
14474,19.67099952697754,1
14475,19.67099952697754,1
14476,12.440999984741211,1
14502,15.418000221252441,1
14503,15.418000221252441,1
14504,15.418000221252441,1
15082,16.674999237060547,1
15083,16.674999237060547,1
15084,16.674999237060547,1
15111,16.674999237060547,1
15112,16.674999237060547,1
15113,16.674999237060547,1
15140,16.674999237060547,1
15141,16.674999237060547,1
15142,16.674999237060547,1
15169,15.418000221252441,1
15170,15.418000221252441,1
15171,15.418000221252441,1
18427,11.690999984741211,1
18458,11.690999984741211,1
18489,11.690999984741211,1
19171,11.281000137329102,1
19172,11.281000137329102,1
19202,13.708000183105469,1
19203,13.359999656677246,1
19204,13.291999816894531,1
19233,14.01200008392334,1
19234,13.359999656677246,1
19235,13.291999816894531,1
19263,14.01200008392334,1
19264,14.01200008392334,1
19265,13.359999656677246,1
19266,13.291999816894531,1
19295,14.01200008392334,1
19296,12.949000358581543,1
19297,11.90999984741211,1
19946,13.538999557495117,1
19947,13.538999557495117,1
19976,15.65999984741211,1
19977,15.65999984741211,1
19978,15.223999977111816,1
19979,14.295999526977539,1
20007,16.371000289916992,1
20008,16.371000289916992,1
20009,16.371000289916992,1
20010,14.295999526977539,1
20038,16.371000289916992,1
20039,16.371000289916992,1
20040,16.371000289916992,1
20041,14.295999526977539,1
20068,16.075000762939453,1
20069,16.371000289916992,1
20070,16.371000289916992,1
20071,16.371000289916992,1
20072,13.472999572753906,1
20103,12.690999984741211,1
20721,14.442999839782715,1
20722,14.442999839782715,1
20723,12.128000259399414,1
20751,16.09000015258789,1
20752,16.09000015258789,1
20753,16.09000015258789,1
20754,14.295999526977539,1
20782,17.014999389648438,1
20783,17.014999389648438,1
20784,17.014999389648438,1
20785,14.295999526977539,1
20813,17.014999389648438,1
20814,17.014999389648438,1
20815,17.014999389648438,1
20816,14.932000160217285,1
20843,16.575000762939453,1
20844,17.014999389648438,1
20845,17.014999389648438,1
20846,17.014999389648438,1
20847,15.394000053405762,1
20878,15.394000053405762,1
20879,11.63700008392334,1
20909,15.394000053405762,1
20910,11.63700008392334,1
20940,14.842000007629395,1
20941,11.63700008392334,1
20971,14.842000007629395,1
20972,11.187000274658203,1
21002,14.842000007629395,1
21032,14.291000366210938,1
21033,14.291000366210938,1
21062,11.798999786376953,1
21063,11.798999786376953,1
21064,11.798999786376953,1
21464,13.237000465393066,1
21465,13.232000350952148,1
21466,14.895999908447266,1
21467,14.895999908447266,1
21468,14.895999908447266,1
21469,12.15999984741211,1
21495,15.534000396728516,1
21496,15.534000396728516,1
21497,15.350000381469727,1
21498,15.222999572753906,1
21499,14.895999908447266,1
21500,12.15999984741211,1
21526,17.416000366210938,1
21527,17.243000030517578,1
21528,17.243000030517578,1
21529,16.15399932861328,1
21530,14.895999908447266,1
21531,12.15999984741211,1
21557,18.07699966430664,1
21558,18.07699966430664,1
21559,18.07699966430664,1
21560,16.257999420166016,1
21561,12.65999984741211,1
21562,11.418999671936035,1
21586,17.416000366210938,1
21587,17.416000366210938,1
21588,18.381999969482422,1
21589,18.381999969482422,1
21590,18.381999969482422,1
21591,16.756000518798828,1
21592,12.65999984741211,1
21593,11.418999671936035,1
21616,11.182000160217285,1
21617,14.642000198364258,1
21618,17.384000778198242,1
21619,18.381999969482422,1
21620,18.381999969482422,1
21621,18.381999969482422,1
21622,16.756000518798828,1
21623,14.0600004196167,1
21624,11.418999671936035,1
21648,14.642000198364258,1
21649,17.384000778198242,1
21650,18.381999969482422,1
21651,18.381999969482422,1
21652,18.381999969482422,1
21653,16.756000518798828,1
21654,14.440999984741211,1
21683,17.163999557495117,1
21684,16.816999435424805,1
21685,14.440999984741211,1
21686,11.303999900817871,1
21715,16.816999435424805,1
21716,15.522000312805176,1
21717,13.215999603271484,1
21746,16.816999435424805,1
21747,15.522000312805176,1
21748,13.215999603271484,1
21777,16.743000030517578,1
21778,15.522000312805176,1
21779,13.215999603271484,1
21803,12.119999885559082,1
21807,15.562000274658203,1
21808,15.562000274658203,1
21809,11.927000045776367,1
21810,11.557999610900879,1
21834,12.119999885559082,1
21835,12.812999725341797,1
21836,14.427000045776367,1
21837,14.427000045776367,1
21838,14.427000045776367,1
21839,12.496000289916992,1
21840,11.401000022888184,1
21865,12.119999885559082,1
21866,12.119999885559082,1
21867,12.119999885559082,1
21868,11.789999961853027,1
21869,11.789999961853027,1
22206,12.628000259399414,1
22207,12.628000259399414,1
22208,12.628000259399414,1
22209,12.975000381469727,1
22210,13.253999710083008,1
22211,13.253999710083008,1
22212,13.253999710083008,1
22236,14.26200008392334,1
22237,16.035999298095703,1
22238,16.035999298095703,1
22239,16.035999298095703,1
22240,16.625,1
22241,17.315000534057617,1
22242,17.315000534057617,1
22243,17.315000534057617,1
22244,12.494000434875488,1
22267,14.520999908447266,1
22268,17.163999557495117,1
22269,17.304000854492188,1
22270,17.490999221801758,1
22271,17.490999221801758,1
22272,17.490999221801758,1
22273,17.42799949645996,1
22274,17.315000534057617,1
22275,12.890000343322754,1
22298,15.086999893188477,1
22299,18.381999969482422,1
22300,18.381999969482422,1
22301,18.381999969482422,1
22302,18.27899932861328,1
22303,18.27899932861328,1
22304,17.871000289916992,1
22305,17.315000534057617,1
22306,12.890000343322754,1
22329,15.086999893188477,1
22330,18.381999969482422,1
22331,18.381999969482422,1
22332,18.381999969482422,1
22333,18.27899932861328,1
22334,18.27899932861328,1
22335,17.954999923706055,1
22336,16.170000076293945,1
22337,14.013999938964844,1
22360,15.086999893188477,1
22361,18.381999969482422,1
22362,18.381999969482422,1
22363,18.381999969482422,1
22364,18.43000030517578,1
22365,18.43000030517578,1
22366,18.43000030517578,1
22367,16.170000076293945,1
22368,14.013999938964844,1
22391,11.866000175476074,1
22392,15.866000175476074,1
22393,17.593000411987305,1
22394,18.381999969482422,1
22395,18.43000030517578,1
22396,18.43000030517578,1
22397,18.43000030517578,1
22398,16.551000595092773,1
22399,14.013999938964844,1
22423,15.866000175476074,1
22424,17.405000686645508,1
22425,18.381999969482422,1
22426,18.43000030517578,1
22427,18.43000030517578,1
22428,18.43000030517578,1
22429,16.551000595092773,1
22430,13.473999977111816,1
22454,14.83899974822998,1
22455,17.405000686645508,1
22456,18.270000457763672,1
22457,18.381999969482422,1
22458,18.381999969482422,1
22459,18.381999969482422,1
22460,16.551000595092773,1
22461,13.404999732971191,1
22485,14.395999908447266,1
22486,17.256000518798828,1
22487,18.270000457763672,1
22488,18.381999969482422,1
22489,18.381999969482422,1
22490,18.381999969482422,1
22491,17.152999877929688,1
22492,14.696000099182129,1
22516,14.395999908447266,1
22517,17.256000518798828,1
22518,18.270000457763672,1
22519,18.270000457763672,1
22520,18.270000457763672,1
22521,17.965999603271484,1
22522,17.152999877929688,1
22523,14.696000099182129,1
22547,14.395999908447266,1
22548,17.256000518798828,1
22549,17.256000518798828,1
22550,17.957000732421875,1
22551,17.957000732421875,1
22552,17.957000732421875,1
22553,17.152999877929688,1
22554,14.696000099182129,1
22578,13.548999786376953,1
22579,16.816999435424805,1
22580,16.816999435424805,1
22581,16.816999435424805,1
22582,16.606000900268555,1
22583,16.405000686645508,1
22584,14.135000228881836,1
22585,11.557999610900879,1
22609,13.548999786376953,1
22610,15.307000160217285,1
22611,15.696999549865723,1
22612,15.696999549865723,1
22613,15.696999549865723,1
22614,14.666999816894531,1
22615,12.017000198364258,1
22640,13.548999786376953,1
22641,15.307000160217285,1
22642,15.307000160217285,1
22643,15.307000160217285,1
22644,14.833999633789062,1
22645,13.473999977111816,1
22671,13.494999885559082,1
22672,13.765999794006348,1
22673,13.765999794006348,1
22674,13.765999794006348,1
22675,13.133000373840332,1
22676,12.190999984741211,1
22702,13.494999885559082,1
22703,13.494999885559082,1
22704,13.494999885559082,1
22705,12.217000007629395,1
22733,12.178999900817871,1
22734,12.178999900817871,1
22735,12.178999900817871,1
22736,12.109999656677246,1
22950,13.517000198364258,1
22951,13.517000198364258,1
22952,13.517000198364258,1
22953,14.024999618530273,1
22954,14.024999618530273,1
22955,14.024999618530273,1
22980,11.928000450134277,1
22987,14.012999534606934,1
23011,14.946000099182129,1
23012,18.43000030517578,1
23013,18.43000030517578,1
23014,18.43000030517578,1
23018,17.315000534057617,1
23019,12.494000434875488,1
23042,16.023000717163086,1
23043,18.43000030517578,1
23044,18.43000030517578,1
23045,18.43000030517578,1
23047,17.954999923706055,1
23048,17.94700050354004,1
23049,17.315000534057617,1
23050,12.890000343322754,1
23073,16.023000717163086,1
23074,18.43000030517578,1
23075,18.43000030517578,1
23076,18.43000030517578,1
23077,18.41900062561035,1
23078,18.41900062561035,1
23079,18.257999420166016,1
23080,17.315000534057617,1
23081,15.493000030517578,1
23104,16.023000717163086,1
23105,18.381999969482422,1
23106,18.381999969482422,1
23107,18.41900062561035,1
23108,18.41900062561035,1
23109,18.41900062561035,1
23110,18.257999420166016,1
23111,18.158000946044922,1
23112,17.19300079345703,1
23113,12.63599967956543,1
23135,15.086999893188477,1
23136,18.381999969482422,1
23137,18.381999969482422,1
23138,18.41900062561035,1
23139,18.43000030517578,1
23140,18.43000030517578,1
23141,18.43000030517578,1
23142,18.158000946044922,1
23143,17.19300079345703,1
23144,13.512999534606934,1
23166,13.97599983215332,1
23167,16.822999954223633,1
23168,17.8799991607666,1
23169,18.381999969482422,1
23170,18.43000030517578,1
23171,18.43000030517578,1
23172,18.43000030517578,1
23173,18.158000946044922,1
23174,17.19300079345703,1
23175,13.736000061035156,1
23197,12.140000343322754,1
23198,15.866000175476074,1
23199,17.8799991607666,1
23200,18.381999969482422,1
23201,18.43000030517578,1
23202,18.43000030517578,1
23203,18.43000030517578,1
23204,17.871000289916992,1
23205,16.746000289916992,1
23206,13.736000061035156,1
23229,14.83899974822998,1
23230,17.8799991607666,1
23231,18.270000457763672,1
23232,18.381999969482422,1
23233,18.43000030517578,1
23234,18.43000030517578,1
23235,18.43000030517578,1
23236,16.642000198364258,1
23237,13.736000061035156,1
23260,15.736000061035156,1
23261,17.64299964904785,1
23262,18.270000457763672,1
23263,18.381999969482422,1
23264,18.43000030517578,1
23265,18.43000030517578,1
23266,18.43000030517578,1
23267,16.642000198364258,1
23268,13.71399974822998,1
23291,15.736000061035156,1
23292,17.64299964904785,1
23293,18.270000457763672,1
23294,18.270000457763672,1
23295,18.43000030517578,1
23296,18.43000030517578,1
23297,18.43000030517578,1
23298,16.642000198364258,1
23299,12.498000144958496,1
23321,11.574999809265137,1
23322,15.736000061035156,1
23323,17.64299964904785,1
23324,17.64299964904785,1
23325,17.957000732421875,1
23326,17.957000732421875,1
23327,17.957000732421875,1
23328,17.790000915527344,1
23329,15.482999801635742,1
23330,12.182000160217285,1
23352,11.574999809265137,1
23353,15.560999870300293,1
23354,17.475000381469727,1
23355,17.475000381469727,1
23356,17.475000381469727,1
23357,17.405000686645508,1
23358,16.90399932861328,1
23360,14.461999893188477,1
23383,13.402999877929688,1
23384,15.560999870300293,1
23385,17.402999877929688,1
23386,17.405000686645508,1
23387,17.405000686645508,1
23388,17.405000686645508,1
23389,16.833999633789062,1
23414,13.402999877929688,1
23415,15.560999870300293,1
23416,17.184999465942383,1
23417,17.184999465942383,1
23418,17.184999465942383,1
23419,16.704999923706055,1
23445,13.402999877929688,1
23446,14.975000381469727,1
23447,15.204000473022461,1
23448,15.204000473022461,1
23476,12.416999816894531,1
23477,14.46500015258789,1
23478,14.46500015258789,1
23482,24.312000274658203,1
23508,13.319000244140625,1
23509,13.991999626159668,1
23540,11.973999977111816,1
23725,13.592000007629395,1
23726,13.592000007629395,1
23727,13.951000213623047,1
23728,14.024999618530273,1
23729,14.024999618530273,1
23730,14.024999618530273,1
23755,15.656999588012695,1
23762,14.012999534606934,1
23785,11.475000381469727,1
23786,16.15999984741211,1
23793,17.315000534057617,1
23794,12.494000434875488,1
23816,13.927000045776367,1
23817,17.09600067138672,1
23823,17.94700050354004,1
23824,17.315000534057617,1
23825,12.890000343322754,1
23847,14.88599967956543,1
23848,18.381999969482422,1
23849,18.43000030517578,1
23850,18.43000030517578,1
23851,18.43000030517578,1
23852,18.41900062561035,1
23853,18.41900062561035,1
23854,18.257999420166016,1
23855,17.315000534057617,1
23856,15.493000030517578,1
23878,14.88599967956543,1
23879,18.381999969482422,1
23880,18.381999969482422,1
23881,18.43000030517578,1
23882,18.43000030517578,1
23883,18.43000030517578,1
23884,18.41900062561035,1
23885,18.257999420166016,1
23886,18.158000946044922,1
23887,17.19300079345703,1
23888,12.63599967956543,1
23909,14.88599967956543,1
23910,18.381999969482422,1
23911,18.381999969482422,1
23912,18.43000030517578,1
23913,18.43000030517578,1
23914,18.43000030517578,1
23915,18.43000030517578,1
23916,18.43000030517578,1
23917,18.158000946044922,1
23918,17.19300079345703,1
23919,13.512999534606934,1
23940,13.343999862670898,1
23941,14.859999656677246,1
23942,17.860000610351562,1
23943,18.43000030517578,1
23944,18.43000030517578,1
23945,18.43000030517578,1
23946,18.43000030517578,1
23947,18.43000030517578,1
23948,18.257999420166016,1
23949,17.19300079345703,1
23950,14.33899974822998,1
23971,12.241000175476074,1
23972,14.859999656677246,1
23973,15.880000114440918,1
23974,17.8799991607666,1
23975,18.150999069213867,1
23976,18.43000030517578,1
23977,18.43000030517578,1
23978,18.43000030517578,1
23979,18.257999420166016,1
23980,18.158000946044922,1
23981,15.907999992370605,1
24003,11.892000198364258,1
24004,14.83899974822998,1
24005,18.150999069213867,1
24006,18.270000457763672,1
24007,18.41900062561035,1
24008,18.43000030517578,1
24009,18.43000030517578,1
24010,18.43000030517578,1
24011,18.158000946044922,1
24012,15.907999992370605,1
24034,13.11299991607666,1
24035,15.736000061035156,1
24036,18.270000457763672,1
24037,18.270000457763672,1
24038,18.381999969482422,1
24039,18.43000030517578,1
24040,18.43000030517578,1
24041,18.43000030517578,1
24042,18.158000946044922,1
24043,15.907999992370605,1
24065,14.069000244140625,1
24066,15.935999870300293,1
24067,18.270000457763672,1
24068,18.270000457763672,1
24069,18.270000457763672,1
24070,18.43000030517578,1
24071,18.43000030517578,1
24072,18.43000030517578,1
24074,15.22700023651123,1
24096,14.069000244140625,1
24097,15.935999870300293,1
24098,18.270000457763672,1
24099,18.270000457763672,1
24100,18.270000457763672,1
24105,13.227999687194824,1
24127,15.49899959564209,1
24128,17.023000717163086,1
24129,18.270000457763672,1
24130,18.270000457763672,1
24131,18.270000457763672,1
24136,11.868000030517578,1
24157,11.699999809265137,1
24158,15.876999855041504,1
24159,17.091999053955078,1
24160,18.270000457763672,1
24161,18.270000457763672,1
24162,18.270000457763672,1
24188,11.699999809265137,1
24189,15.876999855041504,1
24190,17.091999053955078,1
24191,18.270000457763672,1
24192,18.270000457763672,1
24193,18.270000457763672,1
24220,15.876999855041504,1
24221,17.091999053955078,1
24222,17.091999053955078,1
24223,17.091999053955078,1
24251,13.800000190734863,1
24252,15.387999534606934,1
24253,15.871999740600586,1
24254,15.871999740600586,1
24258,36.483001708984375,1
24283,13.319000244140625,1
24284,14.02400016784668,1
24315,11.973999977111816,1
24500,13.592000007629395,1
24501,13.592000007629395,1
24502,13.951000213623047,1
24503,14.024999618530273,1
24504,14.024999618530273,1
24505,14.024999618530273,1
24530,15.656999588012695,1
24537,14.012999534606934,1
24560,13.741000175476074,1
24568,15.541000366210938,1
24590,14.395999908447266,1
24591,16.409000396728516,1
24598,17.94700050354004,1
24599,15.541000366210938,1
24600,11.958000183105469,1
24621,14.454999923706055,1
24622,17.326000213623047,1
24627,18.41900062561035,1
24628,18.41900062561035,1
24629,18.257999420166016,1
24630,15.878999710083008,1
24631,15.493000030517578,1
24652,14.454999923706055,1
24653,17.326000213623047,1
24654,18.381999969482422,1
24655,18.41900062561035,1
24656,18.43000030517578,1
24657,18.43000030517578,1
24658,18.43000030517578,1
24659,18.41900062561035,1
24660,18.257999420166016,1
24661,18.158000946044922,1
24662,17.19300079345703,1
24663,12.63599967956543,1
24683,14.454999923706055,1
24684,17.326000213623047,1
24685,18.381999969482422,1
24686,18.381999969482422,1
24687,18.43000030517578,1
24688,18.43000030517578,1
24689,18.43000030517578,1
24690,18.41900062561035,1
24691,18.257999420166016,1
24692,18.158000946044922,1
24693,17.19300079345703,1
24694,13.512999534606934,1
24714,12.164999961853027,1
24715,16.183000564575195,1
24716,17.6299991607666,1
24717,17.8799991607666,1
24718,18.43000030517578,1
24719,18.43000030517578,1
24720,18.43000030517578,1
24721,18.41900062561035,1
24722,18.41900062561035,1
24723,18.257999420166016,1
24724,17.19300079345703,1
24725,14.33899974822998,1
24746,16.183000564575195,1
24747,17.19300079345703,1
24748,17.416000366210938,1
24749,17.954999923706055,1
24750,18.381999969482422,1
24751,18.41900062561035,1
24752,18.41900062561035,1
24753,18.41900062561035,1
24754,18.257999420166016,1
24755,18.158000946044922,1
24756,15.907999992370605,1
24777,12.78600025177002,1
24778,15.642000198364258,1
24779,16.31800079345703,1
24780,18.150999069213867,1
24781,18.381999969482422,1
24782,18.41900062561035,1
24783,18.43000030517578,1
24784,18.43000030517578,1
24785,18.43000030517578,1
24786,18.158000946044922,1
24787,15.907999992370605,1
24809,14.746000289916992,1
24810,17.058000564575195,1
24811,18.270000457763672,1
24812,18.381999969482422,1
24813,18.43000030517578,1
24814,18.43000030517578,1
24815,18.43000030517578,1
24816,18.43000030517578,1
24817,18.158000946044922,1
24818,15.907999992370605,1
24839,11.345999717712402,1
24840,15.107000350952148,1
24841,17.152999877929688,1
24842,18.270000457763672,1
24843,18.270000457763672,1
24844,18.43000030517578,1
24845,18.43000030517578,1
24849,15.22700023651123,1
24869,12.107999801635742,1
24870,13.253000259399414,1
24871,15.416000366210938,1
24872,17.152999877929688,1
24873,18.270000457763672,1
24874,18.270000457763672,1
24875,18.43000030517578,1
24900,12.586000442504883,1
24901,14.913000106811523,1
24902,15.49899959564209,1
24903,17.152999877929688,1
24904,18.270000457763672,1
24905,18.270000457763672,1
24931,12.586000442504883,1
24932,15.843999862670898,1
24933,16.961000442504883,1
24934,17.690000534057617,1
24935,18.270000457763672,1
24936,18.270000457763672,1
24962,12.586000442504883,1
24963,15.843999862670898,1
24964,16.961000442504883,1
24965,17.690000534057617,1
24966,18.270000457763672,1
24967,18.270000457763672,1
24993,11.619000434875488,1
24994,15.843999862670898,1
24995,16.961000442504883,1
24996,17.690000534057617,1
24997,17.690000534057617,1
24998,17.690000534057617,1
25025,14.42300033569336,1
25026,14.42300033569336,1
25027,16.39299964904785,1
25028,16.707000732421875,1
25029,16.707000732421875,1
25057,11.637999534606934,1
25058,13.319000244140625,1
25059,14.02400016784668,1
25089,11.177000045776367,1
25090,11.973999977111816,1
25095,22.988000869750977,1
25096,22.3439998626709,1
25125,11.17199993133545,1
25126,11.17199993133545,1
25127,11.17199993133545,1
25275,13.592000007629395,1
25276,13.592000007629395,1
25277,13.951000213623047,1
25278,13.951000213623047,1
25279,13.951000213623047,1
25304,12.973999977111816,1
25305,15.656999588012695,1
25311,16.22100067138672,1
25335,15.361000061035156,1
25342,16.91200065612793,1
25343,11.13599967956543,1
25365,14.395999908447266,1
25366,16.489999771118164,1
25373,16.91200065612793,1
25374,13.708000183105469,1
25395,11.270000457763672,1
25396,14.506999969482422,1
25397,17.631999969482422,1
25402,18.257999420166016,1
25403,18.158000946044922,1
25404,16.91200065612793,1
25405,14.550000190734863,1
25406,12.37600040435791,1
25426,11.973999977111816,1
25427,14.574999809265137,1
25428,17.631999969482422,1
25429,18.381999969482422,1
25430,18.41900062561035,1
25431,18.43000030517578,1
25432,18.43000030517578,1
25433,18.43000030517578,1
25434,18.158000946044922,1
25435,17.202999114990234,1
25436,15.824000358581543,1
25437,14.470999717712402,1
25457,11.973999977111816,1
25458,15.630999565124512,1
25459,17.631999969482422,1
25460,18.381999969482422,1
25461,18.43000030517578,1
25462,18.43000030517578,1
25463,18.43000030517578,1
25464,18.43000030517578,1
25465,18.2549991607666,1
25466,18.2549991607666,1
25467,17.94700050354004,1
25468,16.98699951171875,1
25469,13.451000213623047,1
25488,11.973999977111816,1
25489,15.630999565124512,1
25490,17.253999710083008,1
25491,17.954999923706055,1
25492,18.43000030517578,1
25493,18.43000030517578,1
25494,18.43000030517578,1
25495,18.43000030517578,1
25496,18.41900062561035,1
25497,18.41900062561035,1
25498,18.257999420166016,1
25499,16.98699951171875,1
25500,14.33899974822998,1
25520,15.630999565124512,1
25521,16.636999130249023,1
25522,17.954999923706055,1
25523,18.43000030517578,1
25524,18.43000030517578,1
25525,18.43000030517578,1
25530,18.158000946044922,1
25531,15.907999992370605,1
25551,13.479000091552734,1
25552,15.949999809265137,1
25553,16.920000076293945,1
25554,18.270000457763672,1
25555,18.270000457763672,1
25556,18.41900062561035,1
25557,18.41900062561035,1
25558,18.41900062561035,1
25559,18.41900062561035,1
25560,18.257999420166016,1
25561,18.158000946044922,1
25562,15.907999992370605,1
25583,14.73900032043457,1
25584,16.364999771118164,1
25585,18.270000457763672,1
25586,18.270000457763672,1
25587,18.41900062561035,1
25588,18.43000030517578,1
25589,18.43000030517578,1
25590,18.43000030517578,1
25591,18.158000946044922,1
25592,18.158000946044922,1
25593,15.907999992370605,1
25613,11.583000183105469,1
25614,15.086999893188477,1
25615,15.777000427246094,1
25616,17.965999603271484,1
25617,18.270000457763672,1
25618,18.270000457763672,1
25619,18.43000030517578,1
25620,18.43000030517578,1
25624,15.22700023651123,1
25643,11.196000099182129,1
25644,12.444000244140625,1
25645,16.18199920654297,1
25646,17.058000564575195,1
25647,17.957000732421875,1
25648,18.270000457763672,1
25649,18.270000457763672,1
25650,18.43000030517578,1
25671,11.756999969482422,1
25672,11.756999969482422,1
25673,13.119000434875488,1
25674,13.371000289916992,1
25675,13.96500015258789,1
25676,17.152999877929688,1
25677,17.152999877929688,1
25678,17.8799991607666,1
25679,18.270000457763672,1
25680,18.270000457763672,1
25702,11.756999969482422,1
25703,11.756999969482422,1
25704,13.119000434875488,1
25705,13.371000289916992,1
25707,17.152999877929688,1
25708,17.152999877929688,1
25709,17.8799991607666,1
25710,18.270000457763672,1
25711,18.270000457763672,1
25733,11.756999969482422,1
25734,11.756999969482422,1
25735,13.119000434875488,1
25736,13.371000289916992,1
25738,17.152999877929688,1
25739,17.152999877929688,1
25740,17.8799991607666,1
25741,18.270000457763672,1
25742,18.270000457763672,1
25766,11.406000137329102,1
25767,12.29800033569336,1
25770,16.961000442504883,1
25771,17.8799991607666,1
25772,17.8799991607666,1
25773,17.8799991607666,1
25799,12.656999588012695,1
25800,15.149999618530273,1
25801,15.149999618530273,1
25802,16.39299964904785,1
25803,16.707000732421875,1
25804,16.707000732421875,1
25810,11.925999641418457,1
25832,11.637999534606934,1
25833,13.265000343322754,1
25834,14.232999801635742,1
25835,15.012999534606934,1
25864,11.177000045776367,1
25865,11.696999549865723,1
25866,14.241000175476074,1
25871,22.3439998626709,1
25898,11.36400032043457,1
25899,11.36400032043457,1
25900,11.36400032043457,1
25901,11.276000022888184,1
25902,11.17199993133545,1
26050,12.477999687194824,1
26051,12.477999687194824,1
26052,12.477999687194824,1
26079,12.973999977111816,1
26080,14.12399959564209,1
26081,16.283000946044922,1
26082,16.283000946044922,1
26083,16.283000946044922,1
26084,15.055000305175781,1
26085,12.732000350952148,1
26110,15.468000411987305,1
26115,16.347999572753906,1
26116,14.126999855041504,1
26117,13.12399959564209,1
26140,14.395999908447266,1
26141,16.489999771118164,1
26146,17.450000762939453,1
26147,16.393999099731445,1
26148,13.699999809265137,1
26170,11.73900032043457,1
26171,14.506999969482422,1
26172,18.020999908447266,1
26173,18.41900062561035,1
26177,17.450000762939453,1
26178,16.472999572753906,1
26179,14.482000350952148,1
26201,14.032999992370605,1
26202,16.243000030517578,1
26203,18.03499984741211,1
26204,18.41900062561035,1
26205,18.41900062561035,1
26206,18.41900062561035,1
26207,18.41900062561035,1
26208,17.799999237060547,1
26209,17.148000717163086,1
26210,16.32699966430664,1
26211,14.140000343322754,1
26212,13.307000160217285,1
26231,12.927000045776367,1
26232,14.032999992370605,1
26233,16.816999435424805,1
26234,18.03499984741211,1
26235,18.41900062561035,1
26236,18.43000030517578,1
26237,18.43000030517578,1
26238,18.43000030517578,1
26239,17.799999237060547,1
26240,17.576000213623047,1
26241,17.569000244140625,1
26243,13.307000160217285,1
26261,11.90999984741211,1
26262,13.786999702453613,1
26263,14.032999992370605,1
26264,16.816999435424805,1
26265,18.03499984741211,1
26266,18.2549991607666,1
26267,18.43000030517578,1
26268,18.43000030517578,1
26269,18.43000030517578,1
26270,18.020999908447266,1
26271,18.020999908447266,1
26272,18.020999908447266,1
26273,16.861000061035156,1
26274,14.270000457763672,1
26275,12.083000183105469,1
26292,11.90999984741211,1
26293,13.786999702453613,1
26294,14.020000457763672,1
26295,16.816999435424805,1
26296,17.43400001525879,1
26297,17.954999923706055,1
26298,18.43000030517578,1
26299,18.43000030517578,1
26300,18.43000030517578,1
26305,16.066999435424805,1
26306,12.609000205993652,1
26322,11.39799976348877,1
26323,11.90999984741211,1
26324,13.786999702453613,1
26325,13.786999702453613,1
26326,15.644000053405762,1
26327,17.027000427246094,1
26328,17.690000534057617,1
26329,18.27899932861328,1
26330,18.43000030517578,1
26331,18.43000030517578,1
26332,18.43000030517578,1
26333,18.41900062561035,1
26334,18.158000946044922,1
26335,17.302000045776367,1
26336,16.121999740600586,1
26337,12.697999954223633,1
26351,11.378999710083008,1
26352,11.378999710083008,1
26353,11.39799976348877,1
26354,11.39799976348877,1
26355,11.39799976348877,1
26356,12.258000373840332,1
26357,13.770000457763672,1
26358,16.07200050354004,1
26359,17.690000534057617,1
26360,18.270000457763672,1
26361,18.43000030517578,1
26362,18.43000030517578,1
26363,18.43000030517578,1
26364,18.43000030517578,1
26365,18.43000030517578,1
26366,18.03499984741211,1
26367,17.077999114990234,1
26368,13.510000228881836,1
26382,13.689000129699707,1
26383,13.689000129699707,1
26384,13.689000129699707,1
26385,13.440999984741211,1
26386,12.140000343322754,1
26387,12.38599967956543,1
26388,15.475000381469727,1
26389,17.04800033569336,1
26390,17.72599983215332,1
26391,17.965999603271484,1
26392,18.43000030517578,1
26393,18.43000030517578,1
26394,18.43000030517578,1
26395,18.43000030517578,1
26399,14.289999961853027,1
26413,13.689000129699707,1
26414,15.612000465393066,1
26415,15.612000465393066,1
26416,15.612000465393066,1
26417,14.348999977111816,1
26418,14.133000373840332,1
26419,15.475000381469727,1
26420,17.04800033569336,1
26421,17.72599983215332,1
26422,17.957000732421875,1
26423,17.957000732421875,1
26424,17.96500015258789,1
26425,18.43000030517578,1
26431,11.428000450134277,1
26444,13.689000129699707,1
26445,15.612000465393066,1
26446,15.612000465393066,1
26447,15.612000465393066,1
26448,15.612000465393066,1
26449,15.612000465393066,1
26450,15.612000465393066,1
26451,17.690000534057617,1
26452,17.72599983215332,1
26453,17.8799991607666,1
26454,17.954999923706055,1
26455,17.96500015258789,1
26456,18.41900062561035,1
26462,14.227999687194824,1
26463,11.470999717712402,1
26475,12.564000129699707,1
26476,15.612000465393066,1
26477,15.612000465393066,1
26478,15.612000465393066,1
26479,15.612000465393066,1
26480,15.612000465393066,1
26482,17.690000534057617,1
26483,17.72599983215332,1
26484,17.8799991607666,1
26485,17.8799991607666,1
26486,17.8799991607666,1
26493,14.227999687194824,1
26494,12.399999618530273,1
26508,15.612000465393066,1
26509,15.612000465393066,1
26510,15.612000465393066,1
26511,15.612000465393066,1
26513,17.690000534057617,1
26514,17.72599983215332,1
26515,17.8799991607666,1
26516,17.8799991607666,1
26517,17.8799991607666,1
26524,14.227999687194824,1
26525,12.399999618530273,1
26539,11.33899974822998,1
26540,11.33899974822998,1
26541,14.00100040435791,1
26542,14.00100040435791,1
26544,16.847000122070312,1
26545,17.72599983215332,1
26546,17.8799991607666,1
26547,17.8799991607666,1
26548,17.8799991607666,1
26549,17.72599983215332,1
26555,12.399999618530273,1
26556,12.399999618530273,1
26574,12.656999588012695,1
26575,15.149999618530273,1
26576,15.149999618530273,1
26577,16.39299964904785,1
26578,16.768999099731445,1
26579,17.72599983215332,1
26585,12.968999862670898,1
26586,12.03600025177002,1
26607,11.637999534606934,1
26608,12.989999771118164,1
26609,14.232999801635742,1
26610,15.027000427246094,1
26616,11.897000312805176,1
26641,14.241000175476074,1
26646,22.3439998626709,1
26673,11.74899959564209,1
26674,11.74899959564209,1
26675,11.74899959564209,1
26676,11.276000022888184,1
26677,11.17199993133545,1
26854,12.973999977111816,1
26855,14.12399959564209,1
26856,14.380000114440918,1
26857,14.380000114440918,1
26858,14.380000114440918,1
26859,11.406000137329102,1
26885,15.468000411987305,1
26890,15.621000289916992,1
26915,12.706000328063965,1
26916,16.489999771118164,1
26917,17.94700050354004,1
26918,17.94700050354004,1
26919,17.94700050354004,1
26920,17.746000289916992,1
26921,16.125,1
26922,13.314000129699707,1
26945,11.73900032043457,1
26946,14.506999969482422,1
26947,18.020999908447266,1
26948,18.41900062561035,1
26949,18.41900062561035,1
26950,18.41900062561035,1
26951,18.07699966430664,1
26952,16.429000854492188,1
26953,14.048999786376953,1
26954,11.13700008392334,1
26976,14.032999992370605,1
26980,18.41900062561035,1
26981,18.41900062561035,1
26982,18.270000457763672,1
26983,17.520000457763672,1
26984,16.441999435424805,1
26985,13.515999794006348,1
26986,11.723999977111816,1
26987,11.248000144958496,1
27005,12.746000289916992,1
27006,14.744000434875488,1
27007,14.744000434875488,1
27011,18.43000030517578,1
27012,18.43000030517578,1
27013,18.43000030517578,1
27014,17.775999069213867,1
27015,17.475000381469727,1
27016,15.763999938964844,1
27017,15.031000137329102,1
27018,11.970999717712402,1
27034,12.253999710083008,1
27035,12.253999710083008,1
27036,14.732999801635742,1
27037,16.60700035095215,1
27038,16.60700035095215,1
27042,18.43000030517578,1
27043,18.43000030517578,1
27044,18.43000030517578,1
27045,17.94700050354004,1
27046,17.94700050354004,1
27047,16.833999633789062,1
27048,16.833999633789062,1
27049,12.871999740600586,1
27065,12.253999710083008,1
27066,12.571999549865723,1
27067,14.732999801635742,1
27068,16.60700035095215,1
27069,16.60700035095215,1
27070,16.816999435424805,1
27071,17.43400001525879,1
27072,18.020999908447266,1
27073,18.43000030517578,1
27074,18.43000030517578,1
27075,18.43000030517578,1
27076,18.41900062561035,1
27077,18.41900062561035,1
27078,17.604999542236328,1
27079,16.833999633789062,1
27080,13.746999740600586,1
27095,12.564000129699707,1
27096,14.215999603271484,1
27097,14.215999603271484,1
27098,14.732999801635742,1
27099,16.60700035095215,1
27100,16.60700035095215,1
27101,16.655000686645508,1
27102,17.104000091552734,1
27103,18.020999908447266,1
27104,18.41900062561035,1
27105,18.43000030517578,1
27106,18.43000030517578,1
27107,18.43000030517578,1
27108,18.41900062561035,1
27109,18.158000946044922,1
27110,16.90999984741211,1
27111,16.121999740600586,1
27112,11.159000396728516,1
27126,15.612000465393066,1
27127,15.612000465393066,1
27128,15.612000465393066,1
27129,14.692999839782715,1
27130,14.692999839782715,1
27131,16.107999801635742,1
27132,16.655000686645508,1
27133,17.965999603271484,1
27134,17.965999603271484,1
27135,18.270000457763672,1
27136,18.43000030517578,1
27137,18.43000030517578,1
27138,18.43000030517578,1
27139,18.41900062561035,1
27140,18.381999969482422,1
27141,18.03499984741211,1
27142,17.077999114990234,1
27143,13.510000228881836,1
27157,15.612000465393066,1
27158,15.612000465393066,1
27159,15.612000465393066,1
27160,15.489999771118164,1
27161,15.489999771118164,1
27162,16.107999801635742,1
27163,16.83099937438965,1
27164,17.965999603271484,1
27165,17.965999603271484,1
27166,17.965999603271484,1
27167,18.43000030517578,1
27168,18.43000030517578,1
27169,18.43000030517578,1
27170,18.41900062561035,1
27171,18.41900062561035,1
27172,18.03499984741211,1
27174,14.289999961853027,1
27175,11.40999984741211,1
27188,15.612000465393066,1
27189,15.612000465393066,1
27190,15.612000465393066,1
27191,15.612000465393066,1
27192,15.489999771118164,1
27193,15.991999626159668,1
27194,16.83099937438965,1
27195,17.965999603271484,1
27196,17.965999603271484,1
27197,17.965999603271484,1
27198,17.957000732421875,1
27199,18.020999908447266,1
27200,18.41900062561035,1
27206,12.581999778747559,1
27207,11.901000022888184,1
27219,15.612000465393066,1
27220,15.612000465393066,1
27221,15.612000465393066,1
27222,15.612000465393066,1
27223,15.612000465393066,1
27224,15.991999626159668,1
27225,16.83099937438965,1
27226,17.957000732421875,1
27227,17.957000732421875,1
27228,17.957000732421875,1
27229,17.954999923706055,1
27230,18.020999908447266,1
27231,18.41900062561035,1
27237,14.227999687194824,1
27238,13.088000297546387,1
27239,11.184000015258789,1
27250,12.607999801635742,1
27251,15.612000465393066,1
27252,15.612000465393066,1
27253,15.612000465393066,1
27254,15.612000465393066,1
27255,15.991999626159668,1
27257,17.820999145507812,1
27258,17.820999145507812,1
27259,17.8799991607666,1
27260,17.8799991607666,1
27261,17.8799991607666,1
27262,17.770999908447266,1
27268,14.343999862670898,1
27269,14.343999862670898,1
27270,11.184000015258789,1
27282,13.206999778747559,1
27283,15.612000465393066,1
27284,15.612000465393066,1
27285,15.612000465393066,1
27286,15.612000465393066,1
27288,17.690000534057617,1
27289,17.72599983215332,1
27290,17.8799991607666,1
27291,17.8799991607666,1
27292,17.8799991607666,1
27293,17.72599983215332,1
27299,14.343999862670898,1
27300,14.343999862670898,1
27301,11.184000015258789,1
27314,11.33899974822998,1
27315,11.33899974822998,1
27316,14.00100040435791,1
27317,14.00100040435791,1
27319,16.847000122070312,1
27320,17.72599983215332,1
27321,17.8799991607666,1
27322,17.8799991607666,1
27323,17.8799991607666,1
27324,17.72599983215332,1
27330,14.343999862670898,1
27331,14.343999862670898,1
27349,12.656999588012695,1
27350,15.149999618530273,1
27351,15.149999618530273,1
27352,15.685999870300293,1
27353,16.768999099731445,1
27354,17.72599983215332,1
27355,17.72599983215332,1
27360,14.123000144958496,1
27361,14.123000144958496,1
27383,12.989999771118164,1
27384,14.232999801635742,1
27385,15.027000427246094,1
27390,12.538000106811523,1
27391,11.897000312805176,1
27416,14.241000175476074,1
27448,11.74899959564209,1
27449,11.74899959564209,1
27450,11.74899959564209,1
27451,11.276000022888184,1
27629,12.196999549865723,1
27630,14.12399959564209,1
27631,14.12399959564209,1
27632,14.12399959564209,1
27660,15.468000411987305,1
27664,16.645000457763672,1
27665,12.736000061035156,1
27690,11.345999717712402,1
27691,15.663000106811523,1
27695,16.9950008392334,1
27696,15.892000198364258,1
27720,11.73900032043457,1
27721,14.267000198364258,1
27722,18.020999908447266,1
27723,18.41900062561035,1
27724,18.41900062561035,1
27725,18.41900062561035,1
27726,17.50200080871582,1
27727,15.892000198364258,1
27751,14.032999992370605,1
27755,18.41900062561035,1
27756,18.41900062561035,1
27757,18.150999069213867,1
27758,17.118000030517578,1
27759,12.96399974822998,1
27780,12.746000289916992,1
27781,14.744000434875488,1
27782,14.744000434875488,1
27786,18.41900062561035,1
27787,18.41900062561035,1
27788,18.150999069213867,1
27789,17.775999069213867,1
27790,16.240999221801758,1
27791,13.6899995803833,1
27792,11.944000244140625,1
27809,13.055000305175781,1
27812,16.60700035095215,1
27813,16.60700035095215,1
27817,18.41900062561035,1
27818,18.41900062561035,1
27819,18.41900062561035,1
27820,17.871000289916992,1
27821,16.240999221801758,1
27822,14.984999656677246,1
27823,14.208000183105469,1
27838,12.571999549865723,1
27839,12.571999549865723,1
27840,13.211000442504883,1
27841,15.612000465393066,1
27842,15.612000465393066,1
27843,16.60700035095215,1
27844,17.148000717163086,1
27845,17.148000717163086,1
27846,17.43400001525879,1
27847,18.020999908447266,1
27848,18.41900062561035,1
27849,18.41900062561035,1
27850,18.41900062561035,1
27851,18.158000946044922,1
27852,17.3439998626709,1
27853,16.861000061035156,1
27854,14.626999855041504,1
27855,11.494000434875488,1
27869,12.571999549865723,1
27870,13.788999557495117,1
27871,14.215999603271484,1
27872,15.612000465393066,1
27873,15.612000465393066,1
27874,16.60700035095215,1
27875,17.302000045776367,1
27876,17.302000045776367,1
27877,17.302000045776367,1
27878,18.020999908447266,1
27879,18.41900062561035,1
27880,18.43000030517578,1
27881,18.43000030517578,1
27882,18.43000030517578,1
27883,17.775999069213867,1
27884,17.08799934387207,1
27885,16.90999984741211,1
27886,15.072999954223633,1
27887,11.491999626159668,1
27900,12.571999549865723,1
27901,15.612000465393066,1
27902,15.612000465393066,1
27903,15.612000465393066,1
27904,15.902999877929688,1
27905,16.09000015258789,1
27906,17.302000045776367,1
27907,17.302000045776367,1
27908,17.965999603271484,1
27909,17.965999603271484,1
27910,18.03499984741211,1
27911,18.43000030517578,1
27912,18.43000030517578,1
27913,18.43000030517578,1
27914,18.381999969482422,1
27915,18.381999969482422,1
27916,18.03499984741211,1
27917,16.642000198364258,1
27918,13.28499984741211,1
27932,15.612000465393066,1
27933,15.612000465393066,1
27934,15.612000465393066,1
27935,15.902999877929688,1
27936,16.09000015258789,1
27937,17.302000045776367,1
27938,17.302000045776367,1
27939,17.965999603271484,1
27940,17.965999603271484,1
27941,17.965999603271484,1
27942,18.43000030517578,1
27943,18.43000030517578,1
27944,18.43000030517578,1
27945,18.41900062561035,1
27946,18.41900062561035,1
27947,18.03499984741211,1
27948,16.777000427246094,1
27949,14.51200008392334,1
27950,14.51200008392334,1
27951,13.279999732971191,1
27963,15.612000465393066,1
27964,15.612000465393066,1
27965,15.612000465393066,1
27966,15.902999877929688,1
27967,15.902999877929688,1
27968,16.058000564575195,1
27969,17.148000717163086,1
27970,17.965999603271484,1
27971,17.965999603271484,1
27972,17.965999603271484,1
27973,17.790000915527344,1
27974,18.020999908447266,1
27975,18.41900062561035,1
27976,18.41900062561035,1
27977,18.41900062561035,1
27978,18.158000946044922,1
27979,17.458999633789062,1
27981,14.51200008392334,1
27982,13.279999732971191,1
27983,12.164999961853027,1
27994,15.612000465393066,1
27995,15.612000465393066,1
27996,15.612000465393066,1
27997,15.612000465393066,1
27998,15.633999824523926,1
27999,16.058000564575195,1
28000,17.148000717163086,1
28001,17.957000732421875,1
28002,17.957000732421875,1
28003,17.957000732421875,1
28004,17.72599983215332,1
28005,18.020999908447266,1
28006,18.41900062561035,1
28007,18.41900062561035,1
28008,18.41900062561035,1
28009,18.158000946044922,1
28010,17.458999633789062,1
28011,16.415000915527344,1
28012,14.904999732971191,1
28013,14.609999656677246,1
28014,12.788000106811523,1
28025,12.607999801635742,1
28026,15.612000465393066,1
28027,15.612000465393066,1
28028,15.612000465393066,1
28029,15.612000465393066,1
28030,15.991999626159668,1
28031,16.655000686645508,1
28032,17.820999145507812,1
28033,17.820999145507812,1
28034,17.820999145507812,1
28035,17.72599983215332,1
28036,17.615999221801758,1
28037,17.770999908447266,1
28038,18.158000946044922,1
28039,18.158000946044922,1
28040,18.158000946044922,1
28041,17.458999633789062,1
28042,16.415000915527344,1
28043,15.506999969482422,1
28044,15.506999969482422,1
28045,12.996999740600586,1
28057,13.206999778747559,1
28058,15.612000465393066,1
28059,15.612000465393066,1
28060,15.612000465393066,1
28061,15.612000465393066,1
28062,15.612000465393066,1
28063,17.690000534057617,1
28064,17.72599983215332,1
28065,17.72599983215332,1
28066,17.72599983215332,1
28067,17.72599983215332,1
28068,17.72599983215332,1
28069,17.72599983215332,1
28070,17.72599983215332,1
28071,17.72599983215332,1
28072,16.59600067138672,1
28073,16.415000915527344,1
28074,15.506999969482422,1
28075,15.506999969482422,1
28076,12.996999740600586,1
28089,11.33899974822998,1
28090,11.33899974822998,1
28091,14.00100040435791,1
28092,14.00100040435791,1
28093,14.371999740600586,1
28094,16.847000122070312,1
28095,17.72599983215332,1
28096,17.72599983215332,1
28097,17.72599983215332,1
28098,17.72599983215332,1
28099,17.72599983215332,1
28100,17.72599983215332,1
28101,17.458999633789062,1
28102,16.768999099731445,1
28103,15.62600040435791,1
28104,15.506999969482422,1
28105,15.506999969482422,1
28106,15.506999969482422,1
28107,12.996999740600586,1
28123,11.206999778747559,1
28124,12.15999984741211,1
28125,13.961999893188477,1
28126,15.081000328063965,1
28127,15.685999870300293,1
28128,16.768999099731445,1
28129,17.72599983215332,1
28130,17.72599983215332,1
28131,17.72599983215332,1
28133,16.768999099731445,1
28134,14.123000144958496,1
28135,14.123000144958496,1
28136,14.123000144958496,1
28158,12.567000389099121,1
28159,13.050000190734863,1
28160,15.027000427246094,1
28164,14.185999870300293,1
28165,12.538000106811523,1
28166,11.897000312805176,1
28191,11.644000053405762,1
28195,23.083999633789062,1
28223,11.74899959564209,1
28224,11.74899959564209,1
28225,11.74899959564209,1
28436,14.260000228881836,1
28437,14.260000228881836,1
28438,14.260000228881836,1
28439,12.48900032043457,1
28466,13.234000205993652,1
28467,16.667999267578125,1
28468,16.667999267578125,1
28469,16.667999267578125,1
28470,13.74899959564209,1
28471,12.725000381469727,1
28496,13.975000381469727,1
28497,15.567000389099121,1
28498,17.020000457763672,1
28499,17.020000457763672,1
28500,17.020000457763672,1
28501,15.482999801635742,1
28502,13.059000015258789,1
28526,11.715999603271484,1
28530,17.889999389648438,1
28531,17.889999389648438,1
28532,17.014999389648438,1
28533,14.84000015258789,1
28555,12.746000289916992,1
28556,14.744000434875488,1
28557,14.744000434875488,1
28561,17.889999389648438,1
28562,17.889999389648438,1
28563,17.50200080871582,1
28564,16.57200050354004,1
28565,13.376999855041504,1
28584,13.055000305175781,1
28587,16.60700035095215,1
28588,16.60700035095215,1
28592,18.41900062561035,1
28593,18.41900062561035,1
28594,18.41900062561035,1
28595,17.08799934387207,1
28596,14.253000259399414,1
28597,12.394000053405762,1
28598,11.121999740600586,1
28613,13.055000305175781,1
28614,13.055000305175781,1
28615,13.211000442504883,1
28616,15.612000465393066,1
28617,15.612000465393066,1
28618,16.60700035095215,1
28619,17.148000717163086,1
28620,17.148000717163086,1
28621,17.37700080871582,1
28622,18.020999908447266,1
28623,18.41900062561035,1
28624,18.41900062561035,1
28625,18.41900062561035,1
28626,17.08799934387207,1
28627,15.406000137329102,1
28628,14.411999702453613,1
28629,14.411999702453613,1
28643,11.319999694824219,1
28644,13.055000305175781,1
28645,13.788999557495117,1
28646,14.215999603271484,1
28647,15.612000465393066,1
28648,16.231000900268555,1
28649,16.60700035095215,1
28650,17.302000045776367,1
28651,17.302000045776367,1
28652,17.302000045776367,1
28653,18.020999908447266,1
28654,18.41900062561035,1
28655,18.41900062561035,1
28656,18.41900062561035,1
28657,17.08799934387207,1
28658,17.0310001373291,1
28659,17.0310001373291,1
28660,15.5,1
28661,14.508000373840332,1
28662,11.71399974822998,1
28674,11.319999694824219,1
28675,13.055000305175781,1
28676,15.612000465393066,1
28677,15.612000465393066,1
28678,15.612000465393066,1
28679,16.231000900268555,1
28680,16.231000900268555,1
28681,17.302000045776367,1
28682,17.302000045776367,1
28683,17.965999603271484,1
28684,17.965999603271484,1
28685,17.965999603271484,1
28686,17.8799991607666,1
28687,17.416000366210938,1
28688,17.659000396728516,1
28689,17.659000396728516,1
28690,17.659000396728516,1
28691,16.861000061035156,1
28692,16.53700065612793,1
28693,13.74899959564209,1
28694,11.673999786376953,1
28705,11.319999694824219,1
28706,12.253999710083008,1
28707,15.612000465393066,1
28708,15.612000465393066,1
28709,15.612000465393066,1
28710,16.231000900268555,1
28711,16.231000900268555,1
28712,17.302000045776367,1
28713,17.302000045776367,1
28714,17.965999603271484,1
28715,17.965999603271484,1
28716,17.965999603271484,1
28717,17.8799991607666,1
28718,18.020999908447266,1
28719,18.020999908447266,1
28720,18.020999908447266,1
28721,17.659000396728516,1
28722,17.066999435424805,1
28723,16.53700065612793,1
28724,15.012999534606934,1
28725,14.51200008392334,1
28726,13.279999732971191,1
28737,11.75,1
28738,15.612000465393066,1
28739,15.612000465393066,1
28740,15.612000465393066,1
28741,15.902999877929688,1
28742,15.902999877929688,1
28743,16.058000564575195,1
28744,17.148000717163086,1
28745,17.965999603271484,1
28746,17.965999603271484,1
28747,17.965999603271484,1
28748,17.302000045776367,1
28749,18.020999908447266,1
28750,18.020999908447266,1
28751,18.020999908447266,1
28752,17.659000396728516,1
28753,17.39299964904785,1
28754,16.768999099731445,1
28755,15.708999633789062,1
28756,14.777000427246094,1
28757,13.279999732971191,1
28758,12.164999961853027,1
28769,15.612000465393066,1
28770,15.612000465393066,1
28771,15.612000465393066,1
28772,15.489999771118164,1
28773,15.633999824523926,1
28774,16.058000564575195,1
28775,17.148000717163086,1
28776,17.957000732421875,1
28777,17.957000732421875,1
28778,17.957000732421875,1
28779,17.302000045776367,1
28780,18.020999908447266,1
28781,18.020999908447266,1
28782,18.020999908447266,1
28783,17.42799949645996,1
28784,17.39299964904785,1
28785,16.768999099731445,1
28786,15.708999633789062,1
28787,14.904999732971191,1
28788,14.609999656677246,1
28789,12.788000106811523,1
28800,12.607999801635742,1
28801,13.206999778747559,1
28802,13.788999557495117,1
28803,14.036999702453613,1
28805,15.991999626159668,1
28806,16.655000686645508,1
28807,17.820999145507812,1
28808,17.820999145507812,1
28809,17.820999145507812,1
28810,16.284000396728516,1
28811,16.23900032043457,1
28816,16.768999099731445,1
28817,15.708999633789062,1
28818,15.506999969482422,1
28819,15.506999969482422,1
28820,12.996999740600586,1
28832,13.206999778747559,1
28833,13.788999557495117,1
28834,13.788999557495117,1
28835,14.899999618530273,1
28836,14.899999618530273,1
28837,15.331000328063965,1
28838,17.393999099731445,1
28839,17.393999099731445,1
28840,17.393999099731445,1
28841,16.2810001373291,1
28842,15.961999893188477,1
28847,16.458999633789062,1
28848,15.506999969482422,1
28849,15.506999969482422,1
28850,15.506999969482422,1
28851,12.996999740600586,1
28866,12.461999893188477,1
28867,13.663000106811523,1
28868,14.371999740600586,1
28869,15.902999877929688,1
28870,15.98900032043457,1
28871,15.98900032043457,1
28872,15.98900032043457,1
28873,15.8100004196167,1
28878,15.248000144958496,1
28879,15.506999969482422,1
28880,15.506999969482422,1
28881,15.506999969482422,1
28882,12.996999740600586,1
28898,11.206999778747559,1
28899,11.206999778747559,1
28900,11.460000038146973,1
28901,13.60099983215332,1
28902,14.97700023651123,1
28903,14.97700023651123,1
28904,14.97700023651123,1
28905,14.49899959564209,1
28906,14.49899959564209,1
28907,14.491999626159668,1
28908,14.491999626159668,1
28909,14.123000144958496,1
28910,14.123000144958496,1
28911,14.123000144958496,1
28937,11.64799976348877,1
28938,11.64799976348877,1
28939,11.64799976348877,1
28940,11.335000038146973,1
29242,11.359999656677246,1
29243,11.359999656677246,1
29244,11.359999656677246,1
29272,11.819000244140625,1
29273,14.699000358581543,1
29274,14.699000358581543,1
29275,14.699000358581543,1
29276,12.524999618530273,1
29302,11.826000213623047,1
29303,12.640000343322754,1
29307,14.083000183105469,1
29308,13.072999954223633,1
29331,11.413000106811523,1
29332,13.145999908447266,1
29333,13.631999969482422,1
29334,14.267000198364258,1
29338,14.187000274658203,1
29339,13.883999824523926,1
29359,13.055000305175781,1
29363,15.005999565124512,1
29364,15.005999565124512,1
29365,15.545000076293945,1
29369,15.222999572753906,1
29370,14.720000267028809,1
29388,13.055000305175781,1
29389,13.055000305175781,1
29390,13.211000442504883,1
29391,15.612000465393066,1
29392,15.612000465393066,1
29393,15.612000465393066,1
29394,17.148000717163086,1
29395,17.148000717163086,1
29396,17.148000717163086,1
29397,15.802000045776367,1
29398,15.789999961853027,1
29399,15.789999961853027,1
29400,15.789999961853027,1
29401,14.720000267028809,1
29402,11.87399959564209,1
29403,11.87399959564209,1
29418,11.319999694824219,1
29419,13.055000305175781,1
29420,13.788999557495117,1
29421,13.788999557495117,1
29422,15.612000465393066,1
29423,16.231000900268555,1
29424,16.231000900268555,1
29425,17.302000045776367,1
29426,17.302000045776367,1
29427,17.302000045776367,1
29428,17.218000411987305,1
29429,15.87399959564209,1
29430,15.789999961853027,1
29431,15.789999961853027,1
29432,14.720000267028809,1
29433,13.152000427246094,1
29434,13.152000427246094,1
29435,13.152000427246094,1
29436,11.71399974822998,1
29437,11.71399974822998,1
29449,12.571999549865723,1
29450,13.055000305175781,1
29451,13.947999954223633,1
29452,14.248000144958496,1
29453,15.612000465393066,1
29454,16.231000900268555,1
29455,16.231000900268555,1
29456,17.302000045776367,1
29457,17.302000045776367,1
29458,17.302000045776367,1
29459,17.218000411987305,1
29460,16.979999542236328,1
29461,16.979999542236328,1
29462,15.789999961853027,1
29463,14.512999534606934,1
29464,14.512999534606934,1
29465,16.165000915527344,1
29466,16.165000915527344,1
29467,16.165000915527344,1
29468,13.74899959564209,1
29469,12.751999855041504,1
29480,12.571999549865723,1
29481,12.571999549865723,1
29482,13.947999954223633,1
29483,14.248000144958496,1
29484,15.612000465393066,1
29485,16.231000900268555,1
29486,16.231000900268555,1
29487,17.302000045776367,1
29488,17.302000045776367,1
29489,17.302000045776367,1
29490,17.218000411987305,1
29491,16.979999542236328,1
29492,16.979999542236328,1
29493,15.82800006866455,1
29494,14.916999816894531,1
29495,14.543999671936035,1
29496,16.165000915527344,1
29497,16.165000915527344,1
29498,16.165000915527344,1
29499,15.012999534606934,1
29500,14.51200008392334,1
29501,13.279999732971191,1
29511,12.571999549865723,1
29512,12.571999549865723,1
29513,13.947999954223633,1
29514,14.248000144958496,1
29515,14.248000144958496,1
29516,15.902999877929688,1
29517,15.902999877929688,1
29518,16.058000564575195,1
29519,17.148000717163086,1
29520,17.148000717163086,1
29521,17.148000717163086,1
29522,16.979999542236328,1
29523,16.979999542236328,1
29524,15.82800006866455,1
29525,15.081000328063965,1
29526,15.081000328063965,1
29527,16.165000915527344,1
29528,16.165000915527344,1
29529,16.165000915527344,1
29530,15.012999534606934,1
29531,14.777000427246094,1
29532,13.279999732971191,1
29533,12.164999961853027,1
29544,13.119000434875488,1
29545,13.87399959564209,1
29546,14.22700023651123,1
29547,15.562999725341797,1
29548,15.633999824523926,1
29549,16.058000564575195,1
29550,17.148000717163086,1
29551,17.148000717163086,1
29552,17.148000717163086,1
29553,16.905000686645508,1
29554,16.332000732421875,1
29561,15.012999534606934,1
29562,14.904999732971191,1
29563,14.609999656677246,1
29564,12.788000106811523,1
29575,11.35200023651123,1
29576,13.211000442504883,1
29577,13.383999824523926,1
29578,15.562999725341797,1
29579,15.562999725341797,1
29580,15.562999725341797,1
29581,15.381999969482422,1
29582,16.187999725341797,1
29583,16.187999725341797,1
29584,16.187999725341797,1
29585,15.39799976348877,1
29592,15.506999969482422,1
29593,15.506999969482422,1
29594,15.506999969482422,1
29595,12.996999740600586,1
29606,11.256999969482422,1
29607,12.871000289916992,1
29608,13.383999824523926,1
29609,13.383999824523926,1
29610,14.67300033569336,1
29611,14.67300033569336,1
29612,14.67300033569336,1
29613,15.163999557495117,1
29614,15.163999557495117,1
29615,15.163999557495117,1
29616,13.312000274658203,1
29623,15.506999969482422,1
29624,15.506999969482422,1
29625,15.506999969482422,1
29626,12.996999740600586,1
29641,12.461999893188477,1
29642,13.663000106811523,1
29643,14.371999740600586,1
29644,14.371999740600586,1
29645,14.371999740600586,1
29646,12.758000373840332,1
29647,12.758000373840332,1
29654,15.506999969482422,1
29655,15.506999969482422,1
29656,15.506999969482422,1
29657,12.996999740600586,1
29673,11.206999778747559,1
29674,11.206999778747559,1
29675,11.206999778747559,1
29683,11.793000221252441,1
29684,13.100000381469727,1
29685,13.100000381469727,1
29686,13.100000381469727,1
30048,12.284000396728516,1
30049,12.284000396728516,1
30050,12.284000396728516,1
30079,12.284000396728516,1
30080,12.284000396728516,1
30081,12.284000396728516,1
30082,11.208999633789062,1
30110,12.284000396728516,1
30111,12.284000396728516,1
30112,12.284000396728516,1
30113,11.208999633789062,1
30134,11.73900032043457,1
30135,12.352999687194824,1
30136,12.352999687194824,1
30137,12.352999687194824,1
30138,11.682999610900879,1
30139,11.682999610900879,1
30140,11.682999610900879,1
30141,12.008999824523926,1
30142,12.008999824523926,1
30143,12.008999824523926,1
30144,11.208999633789062,1
30163,13.055000305175781,1
30164,13.055000305175781,1
30165,13.055000305175781,1
30166,12.871000289916992,1
30167,12.970000267028809,1
30168,12.970000267028809,1
30169,15.050999641418457,1
30170,15.050999641418457,1
30171,15.050999641418457,1
30172,12.164999961853027,1
30173,11.220999717712402,1
30174,11.220999717712402,1
30193,11.319999694824219,1
30194,13.055000305175781,1
30195,13.621999740600586,1
30196,13.621999740600586,1
30197,13.621999740600586,1
30198,16.231000900268555,1
30199,16.231000900268555,1
30200,16.299999237060547,1
30201,16.299999237060547,1
30202,16.299999237060547,1
30203,15.937000274658203,1
30204,12.163999557495117,1
30210,11.71399974822998,1
30211,11.71399974822998,1
30212,11.71399974822998,1
30224,12.571999549865723,1
30225,13.055000305175781,1
30226,13.947999954223633,1
30227,14.248000144958496,1
30228,14.248000144958496,1
30229,16.231000900268555,1
30230,16.231000900268555,1
30231,16.299999237060547,1
30232,16.493000030517578,1
30233,16.493000030517578,1
30234,16.493000030517578,1
30235,14.564000129699707,1
30236,12.855999946594238,1
30237,12.354000091552734,1
30239,12.111000061035156,1
30240,12.246000289916992,1
30241,13.74899959564209,1
30242,13.74899959564209,1
30243,13.74899959564209,1
30244,12.751999855041504,1
30255,12.571999549865723,1
30256,12.571999549865723,1
30257,13.947999954223633,1
30258,14.248000144958496,1
30259,14.248000144958496,1
30260,16.231000900268555,1
30261,16.231000900268555,1
30262,16.299999237060547,1
30263,16.493000030517578,1
30264,16.493000030517578,1
30265,16.493000030517578,1
30266,15.029999732971191,1
30267,15.029999732971191,1
30268,13.123000144958496,1
30269,11.430000305175781,1
30270,12.111000061035156,1
30271,13.131999969482422,1
30272,15.012999534606934,1
30273,15.012999534606934,1
30274,15.012999534606934,1
30275,13.968999862670898,1
30277,11.192999839782715,1
30286,12.571999549865723,1
30287,12.571999549865723,1
30288,13.947999954223633,1
30289,14.248000144958496,1
30290,14.248000144958496,1
30291,15.562999725341797,1
30292,15.562999725341797,1
30293,15.807000160217285,1
30294,16.493000030517578,1
30295,16.493000030517578,1
30296,16.493000030517578,1
30297,15.029999732971191,1
30298,15.029999732971191,1
30299,13.123000144958496,1
30300,11.784000396728516,1
30301,12.111000061035156,1
30302,13.131999969482422,1
30303,15.012999534606934,1
30304,15.012999534606934,1
30305,15.012999534606934,1
30306,14.777000427246094,1
30308,12.654999732971191,1
30317,13.055000305175781,1
30318,13.055000305175781,1
30319,13.055000305175781,1
30320,13.87399959564209,1
30321,14.22700023651123,1
30322,15.562999725341797,1
30323,15.562999725341797,1
30324,15.562999725341797,1
30325,15.892999649047852,1
30326,15.892999649047852,1
30327,15.892999649047852,1
30328,15.029999732971191,1
30329,15.029999732971191,1
30336,15.012999534606934,1
30337,14.777000427246094,1
30339,12.654999732971191,1
30348,13.055000305175781,1
30349,13.055000305175781,1
30350,13.055000305175781,1
30351,13.211000442504883,1
30352,13.211000442504883,1
30353,15.562999725341797,1
30354,15.562999725341797,1
30355,15.562999725341797,1
30356,14.67300033569336,1
30357,14.505999565124512,1
30358,14.312000274658203,1
30359,14.312000274658203,1
30360,12.388999938964844,1
30367,15.003000259399414,1
30368,14.777000427246094,1
30369,12.767999649047852,1
30370,12.697999954223633,1
30379,13.055000305175781,1
30380,13.055000305175781,1
30381,13.055000305175781,1
30382,12.871000289916992,1
30383,12.871000289916992,1
30384,12.871000289916992,1
30385,14.67300033569336,1
30386,14.67300033569336,1
30387,14.67300033569336,1
30388,14.505999565124512,1
30389,13.357000350952148,1
30390,13.357000350952148,1
30398,13.97599983215332,1
30399,13.97599983215332,1
30400,12.767999649047852,1
30401,12.697999954223633,1
30416,12.461999893188477,1
30417,12.461999893188477,1
30418,12.461999893188477,1
30419,12.414999961853027,1
30429,13.663000106811523,1
30430,13.663000106811523,1
30459,11.350000381469727,1
30460,11.350000381469727,1
30941,12.814000129699707,1
30942,12.970000267028809,1
30943,12.970000267028809,1
30944,12.970000267028809,1
30945,12.505999565124512,1
30969,11.123000144958496,1
30970,12.557000160217285,1
30971,12.557000160217285,1
30972,12.814000129699707,1
30973,12.970000267028809,1
30974,15.289999961853027,1
30975,15.289999961853027,1
30976,15.289999961853027,1
30999,12.571999549865723,1
31000,12.571999549865723,1
31001,12.871000289916992,1
31002,12.871000289916992,1
31003,12.871000289916992,1
31004,12.970000267028809,1
31005,15.289999961853027,1
31006,15.289999961853027,1
31007,15.289999961853027,1
31008,11.152999877929688,1
31016,11.335000038146973,1
31017,12.751999855041504,1
31018,12.751999855041504,1
31019,12.751999855041504,1
31030,12.571999549865723,1
31031,12.571999549865723,1
31032,13.055000305175781,1
31033,13.055000305175781,1
31034,13.055000305175781,1
31035,13.265999794006348,1
31036,15.289999961853027,1
31037,15.289999961853027,1
31038,15.289999961853027,1
31039,11.230999946594238,1
31046,11.836999893188477,1
31047,12.454999923706055,1
31048,13.968999862670898,1
31049,13.968999862670898,1
31050,13.968999862670898,1
31061,12.571999549865723,1
31062,12.571999549865723,1
31063,13.055000305175781,1
31064,13.211000442504883,1
31065,13.211000442504883,1
31066,15.562999725341797,1
31067,15.562999725341797,1
31068,15.562999725341797,1
31069,13.211000442504883,1
31070,11.838000297546387,1
31077,11.836999893188477,1
31078,12.454999923706055,1
31079,13.968999862670898,1
31080,13.968999862670898,1
31081,13.968999862670898,1
31083,12.654999732971191,1
31084,11.357000350952148,1
31085,11.357000350952148,1
31086,11.357000350952148,1
31092,13.055000305175781,1
31093,13.055000305175781,1
31094,13.055000305175781,1
31095,13.211000442504883,1
31096,13.211000442504883,1
31097,15.562999725341797,1
31098,15.562999725341797,1
31099,15.562999725341797,1
31100,13.211000442504883,1
31101,11.838000297546387,1
31112,13.968999862670898,1
31114,12.654999732971191,1
31115,11.357000350952148,1
31116,11.357000350952148,1
31117,11.357000350952148,1
31123,13.055000305175781,1
31124,13.055000305175781,1
31125,13.055000305175781,1
31126,13.211000442504883,1
31127,13.211000442504883,1
31128,15.562999725341797,1
31129,15.562999725341797,1
31130,15.562999725341797,1
31131,13.211000442504883,1
31132,11.838000297546387,1
31143,12.654999732971191,1
31144,12.654999732971191,1
31145,12.654999732971191,1
31146,11.357000350952148,1
31147,11.357000350952148,1
31148,11.357000350952148,1
31154,13.055000305175781,1
31155,13.055000305175781,1
31156,13.055000305175781,1
31157,12.871000289916992,1
31158,12.871000289916992,1
31159,12.871000289916992,1
31160,12.975000381469727,1
31161,12.975000381469727,1
31162,12.975000381469727,1
31163,11.58899974822998,1
31174,11.67300033569336,1
31205,11.67300033569336,1
31792,11.187000274658203,1
31808,12.557000160217285,1
31809,12.557000160217285,1
31810,12.557000160217285,1
31811,11.734999656677246,1
31812,11.734999656677246,1
31823,11.187000274658203,1
31828,11.734000205993652,1
31829,11.734000205993652,1
31830,11.734000205993652,1
31838,12.571999549865723,1
31839,12.571999549865723,1
31840,12.571999549865723,1
31841,12.557000160217285,1
31842,11.756999969482422,1
31843,11.756999969482422,1
31854,11.187000274658203,1
31858,12.654999732971191,1
31859,11.734000205993652,1
31860,11.734000205993652,1
31861,11.734000205993652,1
31867,13.055000305175781,1
31868,13.055000305175781,1
31869,13.055000305175781,1
31870,12.571999549865723,1
31871,12.571999549865723,1
31872,12.557000160217285,1
31873,11.756999969482422,1
31874,11.756999969482422,1
31889,12.654999732971191,1
31890,11.734000205993652,1
31891,11.734000205993652,1
31892,11.734000205993652,1
31898,13.055000305175781,1
31899,13.055000305175781,1
31900,13.055000305175781,1
31901,12.571999549865723,1
31902,12.571999549865723,1
31903,12.140000343322754,1
31904,11.756999969482422,1
31905,11.756999969482422,1
31918,12.654999732971191,1
31919,12.654999732971191,1
31920,12.654999732971191,1
31921,11.357000350952148,1
31922,11.357000350952148,1
31923,11.357000350952148,1
31929,13.055000305175781,1
31930,13.055000305175781,1
31931,13.055000305175781,1
31932,12.571999549865723,1
31949,11.20300006866455,1
31961,12.571999549865723,1
31962,12.571999549865723,1
31963,12.571999549865723,1
32603,11.734000205993652,1
32604,11.734000205993652,1
32605,11.734000205993652,1
32606,11.357000350952148,1
32630,11.130000114440918,1
32634,11.734000205993652,1
32635,11.734000205993652,1
32636,11.734000205993652,1
32637,11.357000350952148,1
32642,12.253999710083008,1
32643,12.253999710083008,1
32644,12.253999710083008,1
32665,11.734000205993652,1
32666,11.734000205993652,1
32667,11.734000205993652,1
32668,11.357000350952148,1
32673,12.253999710083008,1
32674,12.571999549865723,1
32675,12.571999549865723,1
32676,12.571999549865723,1
32693,11.357000350952148,1
32694,11.357000350952148,1
32695,11.357000350952148,1
32696,11.357000350952148,1
32697,11.357000350952148,1
32698,11.357000350952148,1
32704,12.253999710083008,1
32705,12.571999549865723,1
32706,12.571999549865723,1
32707,12.571999549865723,1
32736,12.571999549865723,1
32737,12.571999549865723,1
32738,12.571999549865723,1
33373,11.734000205993652,1
33377,11.734000205993652,1
33378,11.734000205993652,1
33379,11.734000205993652,1
33380,11.734000205993652,1
33381,11.357000350952148,1
33404,11.734000205993652,1
33405,11.734000205993652,1
33406,11.734000205993652,1
33407,11.734000205993652,1
33408,11.734000205993652,1
33409,11.734000205993652,1
33410,11.734000205993652,1
33411,11.734000205993652,1
33412,11.357000350952148,1
33437,11.734000205993652,1
33438,11.734000205993652,1
33439,11.734000205993652,1
33440,11.734000205993652,1
33441,11.734000205993652,1
33442,11.734000205993652,1
33443,11.357000350952148,1
33449,12.571999549865723,1
33450,12.571999549865723,1
33451,12.571999549865723,1
33468,11.357000350952148,1
33469,11.357000350952148,1
33480,12.571999549865723,1
33481,12.571999549865723,1
33482,12.571999549865723,1
33511,12.571999549865723,1
33512,12.571999549865723,1
33513,12.571999549865723,1
34147,11.130000114440918,1
34148,11.734000205993652,1
34149,11.734000205993652,1
34150,11.734000205993652,1
34151,11.130000114440918,1
34153,11.357000350952148,1
34154,11.734000205993652,1
34155,11.734000205993652,1
34156,11.734000205993652,1
34178,11.130000114440918,1
34179,11.734000205993652,1
34180,11.734000205993652,1
34181,11.734000205993652,1
34182,11.357000350952148,1
34184,11.357000350952148,1
34185,11.734000205993652,1
34186,11.734000205993652,1
34187,11.734000205993652,1
34209,11.130000114440918,1
34210,11.734000205993652,1
34211,11.734000205993652,1
34212,11.734000205993652,1
34213,11.357000350952148,1
34215,11.357000350952148,1
34216,11.734000205993652,1
34217,11.734000205993652,1
34218,11.734000205993652,1
34242,11.357000350952148,1
34243,11.357000350952148,1
34244,11.357000350952148,1
34922,11.130000114440918,1
34923,11.734000205993652,1
34924,11.734000205993652,1
34925,11.734000205993652,1
34926,11.357000350952148,1
34927,11.357000350952148,1
34928,11.357000350952148,1
34929,11.734000205993652,1
34930,11.734000205993652,1
34931,11.734000205993652,1
34953,11.130000114440918,1
34954,11.734000205993652,1
34955,11.734000205993652,1
34956,11.734000205993652,1
34957,11.357000350952148,1
34958,11.357000350952148,1
34959,11.357000350952148,1
34960,11.734000205993652,1
34961,11.734000205993652,1
34962,11.734000205993652,1
34984,11.130000114440918,1
34985,11.734000205993652,1
34986,11.734000205993652,1
34987,11.734000205993652,1
34988,11.357000350952148,1
34989,11.357000350952148,1
34990,11.357000350952148,1
34991,11.734000205993652,1
34992,11.734000205993652,1
34993,11.734000205993652,1
35017,11.357000350952148,1
35018,11.357000350952148,1
35019,11.357000350952148,1
35697,11.130000114440918,1
35698,11.130000114440918,1
35699,11.734000205993652,1
35700,11.734000205993652,1
35701,11.734000205993652,1
35702,11.734000205993652,1
35703,11.734000205993652,1
35704,11.734000205993652,1
35705,11.734000205993652,1
35706,11.734000205993652,1
35728,11.130000114440918,1
35729,11.130000114440918,1
35730,11.734000205993652,1
35731,11.734000205993652,1
35732,11.734000205993652,1
35733,11.734000205993652,1
35734,11.734000205993652,1
35735,11.734000205993652,1
35736,11.734000205993652,1
35737,11.734000205993652,1
35759,11.130000114440918,1
35760,11.130000114440918,1
35761,11.734000205993652,1
35762,11.734000205993652,1
35763,11.734000205993652,1
35764,11.734000205993652,1
35765,11.734000205993652,1
35766,11.734000205993652,1
35767,11.734000205993652,1
35768,11.734000205993652,1
36473,11.130000114440918,1
36474,11.734000205993652,1
36475,11.734000205993652,1
36476,11.734000205993652,1
36477,11.734000205993652,1
36478,11.734000205993652,1
36479,11.734000205993652,1
36504,11.130000114440918,1
36505,11.734000205993652,1
36506,11.734000205993652,1
36507,11.734000205993652,1
36508,11.734000205993652,1
36509,11.734000205993652,1
36510,11.734000205993652,1
36535,11.130000114440918,1
36536,11.734000205993652,1
36537,11.734000205993652,1
36538,11.734000205993652,1
36539,11.734000205993652,1
36540,11.734000205993652,1
36541,11.734000205993652,1
36542,11.130000114440918,1
37248,11.130000114440918,1
37249,11.734000205993652,1
37250,11.734000205993652,1
37251,11.734000205993652,1
37252,11.734000205993652,1
37253,11.734000205993652,1
37254,11.734000205993652,1
37279,11.130000114440918,1
37280,11.734000205993652,1
37281,11.734000205993652,1
37282,11.734000205993652,1
37283,11.734000205993652,1
37284,11.734000205993652,1
37285,11.734000205993652,1
37310,11.130000114440918,1
37311,11.734000205993652,1
37312,11.734000205993652,1
37313,11.734000205993652,1
37314,11.734000205993652,1
37315,11.734000205993652,1
37316,11.734000205993652,1
38023,11.130000114440918,1
38024,11.130000114440918,1
38025,11.130000114440918,1
38026,11.130000114440918,1
38027,11.130000114440918,1
38028,11.130000114440918,1
38054,11.130000114440918,1
38055,11.130000114440918,1
38056,11.130000114440918,1
38057,11.130000114440918,1
38058,11.130000114440918,1
38059,11.130000114440918,1
38085,11.130000114440918,1
38086,11.130000114440918,1
38087,11.130000114440918,1
38088,11.130000114440918,1
38089,11.130000114440918,1
38090,11.130000114440918,1
40317,12.491000175476074,1
40318,13.930999755859375,1
40319,13.930999755859375,1
40320,13.930999755859375,1
40330,12.675999641418457,1
40331,13.930999755859375,1
40332,13.930999755859375,1
40333,13.930999755859375,1
40343,12.675999641418457,1
40344,15.17199993133545,1
40345,15.17199993133545,1
40346,15.17199993133545,1
40347,13.45199966430664,1
40356,12.675999641418457,1
40357,15.17199993133545,1
40358,15.17199993133545,1
40359,15.17199993133545,1
40360,13.45199966430664,1
40370,15.17199993133545,1
40371,15.17199993133545,1
40372,15.17199993133545,1
40373,13.45199966430664,1
40499,14.854999542236328,1
40500,14.854999542236328,1
40501,14.854999542236328,1
40512,15.54699993133545,1
40513,19.113000869750977,1
40514,19.113000869750977,1
40515,19.113000869750977,1
40516,16.69300079345703,1
40525,15.54699993133545,1
40526,21.826000213623047,1
40527,21.826000213623047,1
40528,21.826000213623047,1
40529,18.768999099731445,1
40538,15.54699993133545,1
40539,21.826000213623047,1
40540,21.826000213623047,1
40541,21.826000213623047,1
40542,18.768999099731445,1
40552,21.826000213623047,1
40553,21.826000213623047,1
40554,21.826000213623047,1
40555,18.768999099731445,1
40565,17.666000366210938,1
40566,18.649999618530273,1
40567,18.649999618530273,1
40568,18.649999618530273,1
40681,14.854999542236328,1
40694,15.54699993133545,1
40695,19.113000869750977,1
40696,19.113000869750977,1
40697,19.113000869750977,1
40698,16.69300079345703,1
40707,15.54699993133545,1
40708,21.826000213623047,1
40709,21.826000213623047,1
40710,21.826000213623047,1
40711,18.768999099731445,1
40720,15.54699993133545,1
40721,21.826000213623047,1
40722,21.826000213623047,1
40723,21.826000213623047,1
40724,18.768999099731445,1
40733,14.213000297546387,1
40734,21.826000213623047,1
40735,21.826000213623047,1
40736,21.826000213623047,1
40737,18.768999099731445,1
40746,14.213000297546387,1
40747,19.673999786376953,1
40748,19.673999786376953,1
40749,19.673999786376953,1
40750,18.649999618530273,1
40760,16.934999465942383,1
40761,16.934999465942383,1
40762,16.934999465942383,1
40863,14.854999542236328,1
40876,15.54699993133545,1
40877,19.113000869750977,1
40878,19.113000869750977,1
40879,19.113000869750977,1
40880,16.69300079345703,1
40889,15.54699993133545,1
40890,21.826000213623047,1
40891,21.826000213623047,1
40892,21.826000213623047,1
40893,18.768999099731445,1
40902,15.54699993133545,1
40903,21.826000213623047,1
40904,21.826000213623047,1
40905,21.826000213623047,1
40906,18.768999099731445,1
40915,14.213000297546387,1
40916,21.826000213623047,1
40917,21.826000213623047,1
40918,21.826000213623047,1
40919,18.768999099731445,1
40928,14.213000297546387,1
40929,19.673999786376953,1
40930,19.673999786376953,1
40931,19.673999786376953,1
40932,18.649999618530273,1
40942,16.934999465942383,1
40943,16.934999465942383,1
40944,16.934999465942383,1
41071,14.456000328063965,1
41072,17.884000778198242,1
41073,17.884000778198242,1
41074,17.884000778198242,1
41084,14.213000297546387,1
41085,19.673999786376953,1
41086,19.673999786376953,1
41087,19.673999786376953,1
41088,18.014999389648438,1
41097,14.213000297546387,1
41098,19.673999786376953,1
41099,19.673999786376953,1
41100,19.673999786376953,1
41101,18.014999389648438,1
41110,14.213000297546387,1
41111,19.673999786376953,1
41112,19.673999786376953,1
41113,19.673999786376953,1
41114,18.014999389648438,1
41124,16.934999465942383,1
41125,16.934999465942383,1
41126,16.934999465942383,1
41971,35.051998138427734,1
41972,35.051998138427734,1
41973,35.051998138427734,1
41974,33.5359992980957,1
42153,35.051998138427734,1
42154,35.051998138427734,1
42155,35.051998138427734,1
42156,33.5359992980957,1
44782,20.84000015258789,1
44783,20.84000015258789,1
44784,20.84000015258789,1
44795,20.84000015258789,1
44796,20.84000015258789,1
44797,20.84000015258789,1
44808,20.84000015258789,1
44809,20.84000015258789,1
44810,20.84000015258789,1
44964,20.84000015258789,1
44965,20.84000015258789,1
44966,20.84000015258789,1
44977,20.84000015258789,1
44978,20.84000015258789,1
44979,20.84000015258789,1
44990,20.84000015258789,1
44991,20.84000015258789,1
44992,20.84000015258789,1
45089,11.848999977111816,1
45090,23.697999954223633,1
45091,23.697999954223633,1
45102,11.848999977111816,1
45103,23.697999954223633,1
45104,23.697999954223633,1
45115,11.848999977111816,1
45116,23.697999954223633,1
45117,23.697999954223633,1
45146,20.84000015258789,1
45147,20.84000015258789,1
45148,20.84000015258789,1
45159,20.84000015258789,1
45160,20.84000015258789,1
45161,20.84000015258789,1
45172,20.84000015258789,1
45173,20.84000015258789,1
45174,20.84000015258789,1
